356,4
356,3
356,2
356,1
356,0
355,5
355,4
355,3
355,2
355,1
355,0
354,8
354,7
354,6
354,5
354,4
354,3
354,2
354,1
354,0
353,4
353,3
353,2
353,1
353,0
352,4
352,3
352,2
352,1
352,0
351,6
351,5
351,4
351,3
351,2
351,1
351,0
350,4
350,3
350,2
350,1
350,0
349,4
349,3
349,2
349,1
349,0
348,4
348,3
348,2
348,1
348,0
347,5
347,4
347,3
347,2
347,1
347,0
346,8
346,7
346,6
346,5
346,4
346,3
346,2
346,1
346,0
345,4
345,3
345,2
345,1
345,0
344,4
344,3
344,2
344,1
344,0
343,6
343,5
343,4
343,3
343,2
343,1
343,0
342,4
342,3
342,2
342,1
342,0
341,4
341,3
341,2
341,1
341,0
340,4
340,3
340,2
340,1
340,0
339,5
339,4
339,3
339,2
339,1
339,0
338,8
338,7
338,6
338,5
338,4
338,3
338,2
338,1
338,0
337,4
337,3
337,2
337,1
337,0
336,4
336,3
336,2
336,1
336,0
335,6
335,5
335,4
335,3
335,2
335,1
335,0
334,4
334,3
334,2
334,1
334,0
333,4
333,3
333,2
333,1
333,0
4,3
4,2
4,1
4,0
3,6
3,5
3,4
3,3
3,2
3,1
3,0
2,3
2,2
2,1
2,0
1,3
1,2
1,1
1,0
0,408
0,407
0,385
0,380
0,375
0,372
0,371
0,369
0,368
0,366
0,365
0,363
0,356
0,354
0,349
0,347
0,346
0,338
0,334
0,330
0,322
0,317
0,315
0,243
0,9
0,1
0,0
0,310
0,305
0,308
0,304
0,303
0,302
0,307
0,12
0,10
0,8
0,374
0,300
0,415
0,299
0,379
0,298
0,441
0,297
0,394
0,296
0,445
0,295
0,294
0,417
0,293
0,416
0,292
0,291
0,438
0,290
0,399
0,289
0,311
0,288
0,386
0,287
0,442
0,286
0,285
0,439
0,284
0,283
0,426
0,282
0,444
0,281
0,412
0,280
0,425
0,279
0,423
0,278
0,429
0,277
0,320
0,276
0,443
0,275
0,348
0,274
0,301
0,273
0,378
0,272
0,409
0,271
0,367
0,270
0,269
0,393
0,268
0,364
0,267
0,396
0,266
0,373
0,265
0,357
0,264
0,447
0,263
0,384
0,262
0,340
0,261
0,370
0,260
0,323
0,259
0,435
0,258
0,324
0,257
0,440
0,256
0,404
0,255
0,360
0,254
0,434
0,253
0,361
0,252
0,251
0,336
0,250
0,419
0,249
0,397
0,248
0,432
0,247
0,431
0,246
0,316
0,245
0,318
0,244
0,391
0,242
0,430
0,241
0,414
0,240
0,355
0,239
0,406
0,238
0,237
0,328
0,236
0,389
0,235
0,424
0,234
0,352
0,233
0,362
0,232
0,405
0,231
0,329
0,230
0,392
0,229
0,359
0,228
0,345
0,227
0,413
0,226
0,341
0,225
0,411
0,224
0,433
0,223
0,388
0,222
0,319
0,221
0,422
0,220
0,358
0,219
0,344
0,218
0,333
0,217
0,410
0,216
0,339
0,215
0,420
0,214
0,327
0,213
0,326
0,212
0,402
0,211
0,210
0,342
0,209
0,421
0,208
0,387
0,207
0,337
0,206
0,314
0,205
0,325
0,204
0,313
0,203
0,321
0,202
0,398
0,201
0,343
0,200
0,446
0,199
0,198
0,395
0,197
0,351
0,196
0,312
0,195
0,401
0,194
0,335
0,193
0,428
0,192
0,331
0,63
0,427
0,62
0,390
0,61
0,383
0,60
0,382
0,59
0,400
0,58
0,377
0,57
0,332
0,56
0,55
0,309
0,54
0,403
0,53
0,381
0,52
0,418
0,51
0,353
0,50
0,306
0,49
0,48
0,350
0,47
0,437
0,46
0,376
0,45
0,436
0,6
0,5
0,11
0,4
0,2
0,3
0,7
